w3 0 0 l2 0 0 0 w3 0 0 0 l2 0 0 w3
0 w2 0 0 0 l3 0 0 0 l3 0 0 0 w2 0
0 0 w2 0 0 0 l2 0 l2 0 0 0 w2 0 0
l2 0 0 w2 0 0 0 l2 0 0 0 w2 0 0 l2
0 0 0 0 w2 0 0 0 0 0 w2 0 0 0 0
0 l3 0 0 0 l3 0 0 0 l3 0 0 0 l3 0
0 0 l2 0 0 0 l2 0 l2 0 0 0 l2 0 0
w3 0 0 l2 0 0 0 w2 0 0 0 l2 0 0 w3
0 0 l2 0 0 0 l2 0 l2 0 0 0 l2 0 0
0 l3 0 0 0 l3 0 0 0 l3 0 0 0 l3 0
0 0 0 0 w2 0 0 0 0 0 w2 0 0 0 0
l2 0 0 w2 0 0 0 l2 0 0 0 w2 0 0 l2
0 0 w2 0 0 0 l2 0 l2 0 0 0 w2 0 0
0 w2 0 0 0 l3 0 0 0 l3 0 0 0 w2 0
w3 0 0 l2 0 0 0 w3 0 0 0 l2 0 0 w3